$ANSIBLE_VAULT;1.1;AES256
63353736656536633733343965376336386238336535333564316163316130623262313032386638
6566363730393036383632626630383235303435303139330a633532623131353431623930323536
62613537623165653734333236306664336534396433336664363164353435653435316363356237
6235343432373830610a666134386331386133393936303634383636373866646432336635303933
32616266383433613631336337663431373863346265373662393566363535653236366232623934
65333333613366336261643330303030393235656535613338326135623235306332313838656362
30326334613462373536326564623331643638613638613434306434663765396133313337346665
65333061303139356535373465663838646535343632386364616231666564656634303234343834
36323639313334363035333135626132353435323439376233636163663237346236613439363664
38626133656232396265393965303339363036623361326333346566653438636538643839623137
33383935663666396535343631373765363030363235633436376261373833366238636166633835
66343062626330356666313565623562343263313330353863373639383666353162613665633836
38306566306334366437653963363434653861303831366431633439643764363963616265313732
37363861646333346537393439613834346135313930343534373337376163613664633663393037
64643862613131616334613061353534386661613065313938306166393533643061373966666137
35616632626435613165646164383065316537653966316562393933653337613935313563643763
34366535613431623431313736623331353635306134383839633938303764333964656235653265
34333661346539313837316266313339623039656433336331343963363131383066336437636434
35373535366330396438363338613138313330303931656532393764346666346637386363356335
30303737343964353934363662306336333931623662333366356433316266666165393061306463
62643135366633633430666361326261346138653863363635306635383165373236616566346139
34383066363332656237343365313733366233353831316365393062623338353439663066343363
65633236313166393534356430346561343764343031326461643362666630663636356439653935
38653133313363353433313038623634643734633465386665396430663761623931343534333836
35316430626261356631353436616138346334373763396437633566613738356632333163356635
3634653138363762326166383739616339666334323231373837
